1746853369504 3646.9716796875 1
1746853381180 3645.6669921875 2
1746853392918 3646.6669921875 3
1746853404720 3646.6669921875 4
1746853417194 3646.6669921875 5
1746853429994 3646.2177734375 6
1746853441948 3645.0224609375 7
1746853453946 3646.6669921875 8
1746853465963 3647.8427734375 9
1746853478626 3648.3857421875 10
1746853491626 3649.8154296875 11
1746853503913 3647.7373046875 12
1746853515949 3646.4833984375 13
1746853527989 3647.4521484375 14
1746853540601 3648.3818359375 15
1746853553537 3646.7490234375 16
1746853565581 3648.3818359375 17
1746853577620 3647.2880859375 18
1746853589666 3647.7373046875 19
1746853602335 3645.5732421875 20
1746853615307 3646.5966796875 21
1746853627343 3646.5966796875 22
1746853639384 3646.0224609375 23
1746853651425 3646.5966796875 24
1746853664041 3647.5068359375 25
1746853677502 3647.3115234375 26
1746853689750 3647.9560546875 27
1746853701786 3647.9560546875 28
1746853713823 3647.9560546875 29
1746853726452 3647.2412109375 30
1746853739447 3647.3818359375 31
1746853751478 3647.6669921875 32
1746853763507 3647.1279296875 33
1746853775543 3647.5068359375 34
1746853788226 3648.3818359375 35
1746853801163 3647.9560546875 36
1746853813198 3647.3818359375 37
1746853825234 3647.5966796875 38
1746853837271 3648.7724609375 39
1746853849932 3647.4365234375 40
1746853863122 3647.8857421875 41
1746853875165 3649.8154296875 42
1746853887205 3649.2412109375 43
1746853899246 3648.3662109375 44
1746853911923 3648.3818359375 45
1746853924857 3649.4169921875 46
