1746853369505 7448.0 1
1746853381180 7448.0 2
1746853392919 7448.0 3
1746853404720 7448.0 4
1746853417195 7448.0 5
1746853429995 7448.0 6
1746853441948 7448.0 7
1746853453947 7448.0 8
1746853465964 7448.0 9
1746853478626 7448.0 10
1746853491627 7448.0 11
1746853503913 7448.0 12
1746853515949 7448.0 13
1746853527990 7448.0 14
1746853540602 7448.0 15
1746853553537 7448.0 16
1746853565581 7448.0 17
1746853577620 7448.0 18
1746853589666 7448.0 19
1746853602336 7448.0 20
1746853615308 7448.0 21
1746853627343 7448.0 22
1746853639385 7448.0 23
1746853651426 7448.0 24
1746853664042 7448.0 25
1746853677502 7448.0 26
1746853689751 7448.0 27
1746853701786 7448.0 28
1746853713824 7448.0 29
1746853726452 7448.0 30
1746853739448 7448.0 31
1746853751479 7448.0 32
1746853763508 7448.0 33
1746853775543 7448.0 34
1746853788226 7448.0 35
1746853801164 7448.0 36
1746853813199 7448.0 37
1746853825235 7448.0 38
1746853837272 7448.0 39
1746853849933 7448.0 40
1746853863122 7448.0 41
1746853875165 7448.0 42
1746853887205 7448.0 43
1746853899246 7448.0 44
1746853911923 7448.0 45
1746853924858 7448.0 46
