1746853369503 0.10123350471258163 1
1746853381179 0.20109102129936218 2
1746853392917 0.1011861190199852 3
1746853404718 0.10776947438716888 4
1746853417193 0.17319217324256897 5
1746853429993 0.08359932899475098 6
1746853441947 0.10845846682786942 7
1746853453945 0.12559258937835693 8
1746853465962 0.10672551393508911 9
1746853478625 0.09259742498397827 10
1746853491625 0.126938134431839 11
1746853503912 0.09113197028636932 12
1746853515948 0.2027704268693924 13
1746853527988 0.13046132028102875 14
1746853540600 0.1549958884716034 15
1746853553536 0.16665118932724 16
1746853565580 0.12263955920934677 17
1746853577619 0.11342418938875198 18
1746853589665 0.13752079010009766 19
1746853602334 0.09072082489728928 20
1746853615306 0.11250677704811096 21
1746853627342 0.10906953364610672 22
1746853639383 0.10965140163898468 23
1746853651424 0.13871505856513977 24
1746853664040 0.14665064215660095 25
1746853677501 0.08281517028808594 26
1746853689749 0.10184670239686966 27
1746853701785 0.09316594898700714 28
1746853713822 0.1802026480436325 29
1746853726451 0.10625889897346497 30
1746853739446 0.12994888424873352 31
1746853751478 0.08320427685976028 32
1746853763506 0.08831756561994553 33
1746853775542 0.09979424625635147 34
1746853788225 0.09787258505821228 35
1746853801162 0.09880837053060532 36
1746853813197 0.08919080346822739 37
1746853825234 0.1304522603750229 38
1746853837270 0.10036040097475052 39
1746853849931 0.09275338053703308 40
1746853863121 0.10978194326162338 41
1746853875164 0.10387486219406128 42
1746853887204 0.1835605800151825 43
1746853899245 0.17715716361999512 44
1746853911922 0.10786304622888565 45
1746853924856 0.10498641431331635 46
