1746852124534 7448.0 1
1746852136504 7448.0 2
1746852148510 7448.0 3
1746852160534 7448.0 4
1746852173143 7448.0 5
1746852186065 7448.0 6
1746852198094 7448.0 7
1746852210123 7448.0 8
1746852222154 7448.0 9
1746852234719 7448.0 10
1746852247708 7448.0 11
1746852259990 7448.0 12
1746852272021 7448.0 13
1746852284050 7448.0 14
1746852296645 7448.0 15
1746852309566 7448.0 16
1746852321593 7448.0 17
1746852333622 7448.0 18
1746852345647 7448.0 19
1746852358298 7448.0 20
1746852371312 7448.0 21
1746852383351 7448.0 22
1746852395376 7448.0 23
1746852407401 7448.0 24
1746852419990 7448.0 25
1746852433455 7448.0 26
1746852445712 7448.0 27
1746852457744 7448.0 28
1746852469775 7448.0 29
1746852482410 7448.0 30
1746852495385 7448.0 31
1746852507423 7448.0 32
1746852519455 7448.0 33
1746852531486 7448.0 34
1746852544172 7448.0 35
1746852557098 7448.0 36
1746852569125 7448.0 37
1746852581148 7448.0 38
1746852593178 7448.0 39
1746852605784 7448.0 40
1746852618980 7448.0 41
1746852631005 7448.0 42
1746852643027 7448.0 43
1746852655049 7448.0 44
1746852667735 7448.0 45
1746852680661 7448.0 46
1746852692697 7448.0 47
1746852704733 7448.0 48
1746852716763 7448.0 49
1746852729362 7448.0 50
