1746852124534 3646.9716796875 1
1746852136503 3645.6669921875 2
1746852148510 3646.6669921875 3
1746852160533 3646.6669921875 4
1746852173142 3646.6669921875 5
1746852186065 3646.2177734375 6
1746852198093 3645.0224609375 7
1746852210122 3646.6669921875 8
1746852222153 3647.8427734375 9
1746852234719 3648.3857421875 10
1746852247708 3649.8154296875 11
1746852259990 3647.7373046875 12
1746852272020 3646.4833984375 13
1746852284050 3647.4521484375 14
1746852296644 3648.3818359375 15
1746852309566 3646.7490234375 16
1746852321592 3648.3818359375 17
1746852333621 3647.2880859375 18
1746852345646 3647.7373046875 19
1746852358298 3645.5732421875 20
1746852371311 3646.5966796875 21
1746852383350 3646.5966796875 22
1746852395376 3646.0224609375 23
1746852407400 3646.5966796875 24
1746852419990 3647.5068359375 25
1746852433454 3647.3115234375 26
1746852445711 3647.9560546875 27
1746852457743 3647.9560546875 28
1746852469774 3647.9560546875 29
1746852482410 3647.2412109375 30
1746852495384 3647.3818359375 31
1746852507423 3647.6669921875 32
1746852519454 3647.1279296875 33
1746852531485 3647.5068359375 34
1746852544171 3648.3818359375 35
1746852557097 3647.9560546875 36
1746852569125 3647.3818359375 37
1746852581148 3647.5966796875 38
1746852593177 3648.7724609375 39
1746852605783 3647.4365234375 40
1746852618979 3647.8857421875 41
1746852631004 3649.8154296875 42
1746852643027 3649.2412109375 43
1746852655049 3648.3662109375 44
1746852667735 3648.3818359375 45
1746852680661 3649.4169921875 46
1746852692697 3646.7373046875 47
1746852704732 3648.8427734375 48
1746852716762 3648.8427734375 49
1746852729361 3647.1982421875 50
