1746852124532 0.1885283887386322 1
1746852136502 0.08765076100826263 2
1746852148508 0.09996311366558075 3
1746852160532 0.09889093041419983 4
1746852173141 0.11627798527479172 5
1746852186064 0.1002391129732132 6
1746852198092 0.08784183859825134 7
1746852210121 0.09842405468225479 8
1746852222152 0.08610069006681442 9
1746852234718 0.11421318352222443 10
1746852247707 0.08689916878938675 11
1746852259989 0.09373922646045685 12
1746852272019 0.128946915268898 13
1746852284049 0.07846267521381378 14
1746852296643 0.11750759184360504 15
1746852309565 0.10516894608736038 16
1746852321591 0.14921045303344727 17
1746852333620 0.09851902723312378 18
1746852345645 0.08134320378303528 19
1746852358297 0.1361338347196579 20
1746852371310 0.175364151597023 21
1746852383349 0.1233273595571518 22
1746852395375 0.11968740820884705 23
1746852407399 0.12533357739448547 24
1746852419989 0.08866100758314133 25
1746852433454 0.09863622486591339 26
1746852445710 0.09549161046743393 27
1746852457742 0.09504127502441406 28
1746852469773 0.08645472675561905 29
1746852482409 0.0821952149271965 30
1746852495383 0.23735621571540833 31
1746852507422 0.0935509204864502 32
1746852519453 0.12359341979026794 33
1746852531484 0.08027873933315277 34
1746852544170 0.08294233679771423 35
1746852557096 0.11439348012208939 36
1746852569124 0.10762965679168701 37
1746852581147 0.12311483919620514 38
1746852593176 0.1069749966263771 39
1746852605782 0.12523506581783295 40
1746852618978 0.12031329423189163 41
1746852631003 0.09126000106334686 42
1746852643026 0.11307738721370697 43
1746852655048 0.09462250024080276 44
1746852667734 0.08898163586854935 45
1746852680660 0.13621169328689575 46
1746852692696 0.104826919734478 47
1746852704731 0.08145838975906372 48
1746852716761 0.1453102082014084 49
1746852729360 0.10580523312091827 50
