1746855177503 7448.0 1
1746855189188 7448.0 2
1746855200934 7448.0 3
1746855212731 7448.0 4
1746855225226 7448.0 5
1746855238049 7448.0 6
1746855250015 7448.0 7
1746855262015 7448.0 8
1746855274033 7448.0 9
1746855286672 7448.0 10
1746855299660 7448.0 11
1746855311932 7448.0 12
1746855323957 7448.0 13
1746855335979 7448.0 14
1746855348665 7448.0 15
1746855361596 7448.0 16
1746855373630 7448.0 17
1746855385663 7448.0 18
1746855397699 7448.0 19
1746855410326 7448.0 20
1746855423316 7448.0 21
1746855435343 7448.0 22
1746855447369 7448.0 23
1746855459394 7448.0 24
1746855472014 7448.0 25
1746855485463 7448.0 26
1746855497720 7448.0 27
1746855509756 7448.0 28
1746855521789 7448.0 29
1746855534376 7448.0 30
1746855547373 7448.0 31
1746855559401 7448.0 32
1746855571431 7448.0 33
1746855583462 7448.0 34
1746855596027 7448.0 35
1746855608946 7448.0 36
1746855620975 7448.0 37
1746855633006 7448.0 38
1746855645039 7448.0 39
1746855657696 7448.0 40
1746855670867 7448.0 41
1746855682893 7448.0 42
1746855694919 7448.0 43
1746855706948 7448.0 44
1746855719581 7448.0 45
1746855732497 7448.0 46
1746855744522 7448.0 47
1746855756547 7448.0 48
1746855768569 7448.0 49
1746855781182 7448.0 50
