1746855177502 3646.9716796875 1
1746855189188 3645.6669921875 2
1746855200934 3646.6669921875 3
1746855212730 3646.6669921875 4
1746855225226 3646.6669921875 5
1746855238048 3646.2177734375 6
1746855250014 3645.0224609375 7
1746855262014 3646.6669921875 8
1746855274033 3647.8427734375 9
1746855286672 3648.3857421875 10
1746855299659 3649.8154296875 11
1746855311932 3647.7373046875 12
1746855323957 3646.4833984375 13
1746855335978 3647.4521484375 14
1746855348664 3648.3818359375 15
1746855361595 3646.7490234375 16
1746855373629 3648.3818359375 17
1746855385663 3647.2880859375 18
1746855397699 3647.7373046875 19
1746855410326 3645.5732421875 20
1746855423315 3646.5966796875 21
1746855435343 3646.5966796875 22
1746855447368 3646.0224609375 23
1746855459394 3646.5966796875 24
1746855472013 3647.5068359375 25
1746855485463 3647.3115234375 26
1746855497719 3647.9560546875 27
1746855509755 3647.9560546875 28
1746855521789 3647.9560546875 29
1746855534375 3647.2412109375 30
1746855547372 3647.3818359375 31
1746855559400 3647.6669921875 32
1746855571431 3647.1279296875 33
1746855583461 3647.5068359375 34
1746855596027 3648.3818359375 35
1746855608945 3647.9560546875 36
1746855620974 3647.3818359375 37
1746855633006 3647.5966796875 38
1746855645039 3648.7724609375 39
1746855657696 3647.4365234375 40
1746855670867 3647.8857421875 41
1746855682892 3649.8154296875 42
1746855694919 3649.2412109375 43
1746855706947 3648.3662109375 44
1746855719580 3648.3818359375 45
1746855732496 3649.4169921875 46
1746855744522 3646.7373046875 47
1746855756547 3648.8427734375 48
1746855768568 3648.8427734375 49
1746855781182 3647.1982421875 50
