1746855177501 0.12591473758220673 1
1746855189187 0.1392900049686432 2
1746855200933 0.10458661615848541 3
1746855212729 0.19455592334270477 4
1746855225224 0.11555048078298569 5
1746855238047 0.08925158530473709 6
1746855250013 0.10619944334030151 7
1746855262013 0.0794183537364006 8
1746855274031 0.14445392787456512 9
1746855286671 0.10593859851360321 10
1746855299658 0.08113845437765121 11
1746855311931 0.15406553447246552 12
1746855323956 0.12702839076519012 13
1746855335977 0.0952807366847992 14
1746855348663 0.1369595229625702 15
1746855361594 0.10794658213853836 16
1746855373628 0.1077878326177597 17
1746855385662 0.14347206056118011 18
1746855397698 0.11822585016489029 19
1746855410325 0.0835089311003685 20
1746855423314 0.11950665712356567 21
1746855435342 0.09929418563842773 22
1746855447367 0.10692606121301651 23
1746855459393 0.11095598340034485 24
1746855472012 0.09338834881782532 25
1746855485462 0.09169351309537888 26
1746855497718 0.10935981571674347 27
1746855509754 0.11388255655765533 28
1746855521788 0.11846332252025604 29
1746855534374 0.08744584023952484 30
1746855547371 0.11371234059333801 31
1746855559399 0.08909377455711365 32
1746855571430 0.08103562891483307 33
1746855583460 0.1314816027879715 34
1746855596026 0.0852929949760437 35
1746855608944 0.1029943898320198 36
1746855620973 0.09096843749284744 37
1746855633005 0.08495298773050308 38
1746855645038 0.08484821766614914 39
1746855657695 0.1577865481376648 40
1746855670866 0.10387067496776581 41
1746855682891 0.08626322448253632 42
1746855694917 0.08049537986516953 43
1746855706946 0.091080442070961 44
1746855719579 0.09322278946638107 45
1746855732495 0.10378383100032806 46
1746855744521 0.16839170455932617 47
1746855756546 0.14316371083259583 48
1746855768567 0.09638312458992004 49
1746855781181 0.0929272398352623 50
