1746848417433 7448.0 1
1746848429222 7448.0 2
1746848441057 7448.0 3
1746848452961 7448.0 4
1746848465488 7448.0 5
1746848478429 7448.0 6
1746848490465 7448.0 7
1746848502486 7448.0 8
1746848514505 7448.0 9
1746848527124 7448.0 10
1746848539844 7448.0 11
1746848552135 7448.0 12
1746848564155 7448.0 13
1746848576176 7448.0 14
1746848588822 7448.0 15
1746848601539 7448.0 16
1746848613554 7448.0 17
1746848625572 7448.0 18
1746848637591 7448.0 19
1746848650247 7448.0 20
1746848662961 7448.0 21
1746848674979 7448.0 22
1746848686996 7448.0 23
1746848699014 7448.0 24
1746848711684 7448.0 25
