1746848417432 3646.9716796875 1
1746848429222 3645.6669921875 2
1746848441057 3646.6669921875 3
1746848452960 3646.6669921875 4
1746848465488 3646.6669921875 5
1746848478428 3646.2177734375 6
1746848490464 3645.0224609375 7
1746848502485 3646.6669921875 8
1746848514505 3647.8427734375 9
1746848527124 3648.3857421875 10
1746848539843 3649.8154296875 11
1746848552135 3647.7373046875 12
1746848564155 3646.4833984375 13
1746848576175 3647.4521484375 14
1746848588821 3648.3818359375 15
1746848601539 3646.7490234375 16
1746848613553 3648.3818359375 17
1746848625572 3647.2880859375 18
1746848637591 3647.7373046875 19
1746848650246 3645.5732421875 20
1746848662961 3646.5966796875 21
1746848674978 3646.5966796875 22
1746848686996 3646.0224609375 23
1746848699013 3646.5966796875 24
1746848711684 3647.5068359375 25
