1746848417430 0.15046243369579315 1
1746848429221 0.12382753938436508 2
1746848441056 0.11667954921722412 3
1746848452959 0.10613808035850525 4
1746848465487 0.15315581858158112 5
1746848478427 0.10621263086795807 6
1746848490463 0.0793454498052597 7
1746848502484 0.11959540843963623 8
1746848514504 0.12732824683189392 9
1746848527123 0.10984042286872864 10
1746848539843 0.10257644951343536 11
1746848552134 0.09584379941225052 12
1746848564154 0.09127119183540344 13
1746848576174 0.08063094317913055 14
1746848588820 0.08101621270179749 15
1746848601538 0.08952459692955017 16
1746848613552 0.08762066066265106 17
1746848625571 0.08629347383975983 18
1746848637590 0.10403376817703247 19
1746848650245 0.15985587239265442 20
1746848662960 0.11918921768665314 21
1746848674977 0.09207714349031448 22
1746848686995 0.09458287060260773 23
1746848699012 0.14066675305366516 24
1746848711683 0.1429581642150879 25
