1746854023192 3646.9716796875 1
1746854035121 3645.6669921875 2
1746854047106 3646.6669921875 3
1746854059125 3646.6669921875 4
1746854071779 3646.6669921875 5
1746854084719 3646.2177734375 6
1746854096761 3645.0224609375 7
1746854108788 3646.6669921875 8
1746854120821 3647.8427734375 9
1746854133511 3648.3857421875 10
1746854146507 3649.8154296875 11
1746854159072 3647.7373046875 12
1746854171102 3646.4833984375 13
1746854183131 3647.4521484375 14
1746854195778 3648.3818359375 15
1746854208704 3646.7490234375 16
1746854220743 3648.3818359375 17
1746854232778 3647.2880859375 18
1746854244809 3647.7373046875 19
1746854257445 3645.5732421875 20
1746854270432 3646.5966796875 21
1746854282459 3646.5966796875 22
1746854294484 3646.0224609375 23
1746854306514 3646.5966796875 24
1746854319127 3647.5068359375 25
1746854332591 3647.3115234375 26
1746854344836 3647.9560546875 27
1746854356858 3647.9560546875 28
1746854368881 3647.9560546875 29
1746854381514 3647.2412109375 30
1746854394482 3647.3818359375 31
1746854406510 3647.6669921875 32
1746854418534 3647.1279296875 33
1746854430556 3647.5068359375 34
1746854443199 3648.3818359375 35
1746854456110 3647.9560546875 36
1746854468138 3647.3818359375 37
1746854480167 3647.5966796875 38
1746854492194 3648.7724609375 39
1746854504857 3647.4365234375 40
1746854518063 3647.8857421875 41
1746854530095 3649.8154296875 42
1746854542124 3649.2412109375 43
1746854554154 3648.3662109375 44
1746854566773 3648.3818359375 45
1746854579690 3649.4169921875 46
1746854591715 3646.7373046875 47
1746854603739 3648.8427734375 48
1746854615758 3648.8427734375 49
1746854628429 3647.1982421875 50
