1746854023192 7448.0 1
1746854035122 7448.0 2
1746854047107 7448.0 3
1746854059125 7448.0 4
1746854071779 7448.0 5
1746854084719 7448.0 6
1746854096762 7448.0 7
1746854108789 7448.0 8
1746854120822 7448.0 9
1746854133511 7448.0 10
1746854146507 7448.0 11
1746854159072 7448.0 12
1746854171103 7448.0 13
1746854183132 7448.0 14
1746854195779 7448.0 15
1746854208705 7448.0 16
1746854220744 7448.0 17
1746854232779 7448.0 18
1746854244809 7448.0 19
1746854257446 7448.0 20
1746854270433 7448.0 21
1746854282460 7448.0 22
1746854294484 7448.0 23
1746854306515 7448.0 24
1746854319128 7448.0 25
1746854332591 7448.0 26
1746854344837 7448.0 27
1746854356859 7448.0 28
1746854368882 7448.0 29
1746854381515 7448.0 30
1746854394482 7448.0 31
1746854406510 7448.0 32
1746854418534 7448.0 33
1746854430557 7448.0 34
1746854443200 7448.0 35
1746854456111 7448.0 36
1746854468138 7448.0 37
1746854480168 7448.0 38
1746854492194 7448.0 39
1746854504858 7448.0 40
1746854518063 7448.0 41
1746854530096 7448.0 42
1746854542124 7448.0 43
1746854554155 7448.0 44
1746854566774 7448.0 45
1746854579691 7448.0 46
1746854591716 7448.0 47
1746854603739 7448.0 48
1746854615759 7448.0 49
1746854628430 7448.0 50
