1746854023190 0.10558534413576126 1
1746854035119 0.08210267126560211 2
1746854047105 0.11715887486934662 3
1746854059123 0.08296971023082733 4
1746854071777 0.1294439435005188 5
1746854084717 0.16176922619342804 6
1746854096760 0.08329731225967407 7
1746854108787 0.11581911891698837 8
1746854120820 0.16154341399669647 9
1746854133510 0.11551427841186523 10
1746854146505 0.12216946482658386 11
1746854159071 0.0993211567401886 12
1746854171101 0.0873982235789299 13
1746854183130 0.19411586225032806 14
1746854195777 0.12459564208984375 15
1746854208703 0.14030563831329346 16
1746854220742 0.08637696504592896 17
1746854232777 0.09242905676364899 18
1746854244808 0.09444931149482727 19
1746854257444 0.203492671251297 20
1746854270432 0.0914076715707779 21
1746854282458 0.1328658163547516 22
1746854294483 0.12654098868370056 23
1746854306514 0.09675075113773346 24
1746854319126 0.09491527080535889 25
1746854332590 0.10911190509796143 26
1746854344835 0.12956172227859497 27
1746854356857 0.15169866383075714 28
1746854368880 0.10450673848390579 29
1746854381513 0.1012125015258789 30
1746854394481 0.23132270574569702 31
1746854406508 0.0961180329322815 32
1746854418533 0.13118240237236023 33
1746854430555 0.10289224237203598 34
1746854443198 0.08032339811325073 35
1746854456109 0.119951993227005 36
1746854468137 0.08202891051769257 37
1746854480166 0.08934829384088516 38
1746854492193 0.09777320921421051 39
1746854504857 0.08633165061473846 40
1746854518062 0.10418319702148438 41
1746854530094 0.13164621591567993 42
1746854542123 0.1895805299282074 43
1746854554153 0.1489238142967224 44
1746854566772 0.22433289885520935 45
1746854579689 0.07924587279558182 46
1746854591714 0.10509306937456131 47
1746854603738 0.1338137835264206 48
1746854615757 0.11371736973524094 49
1746854628428 0.08217266201972961 50
