1746851671513 3646.9716796875 1
1746851683172 3645.6669921875 2
1746851694890 3646.6669921875 3
1746851706664 3646.6669921875 4
1746851719124 3646.6669921875 5
1746851731906 3646.2177734375 6
1746851743843 3645.0224609375 7
1746851755826 3646.6669921875 8
1746851767842 3647.8427734375 9
1746851780478 3648.3857421875 10
1746851793452 3649.8154296875 11
1746851805729 3647.7373046875 12
1746851817760 3646.4833984375 13
1746851829790 3647.4521484375 14
1746851842441 3648.3818359375 15
1746851855368 3646.7490234375 16
1746851867399 3648.3818359375 17
1746851879434 3647.2880859375 18
1746851891462 3647.7373046875 19
1746851904113 3645.5732421875 20
1746851917110 3646.5966796875 21
1746851929140 3646.5966796875 22
1746851941171 3646.0224609375 23
1746851953203 3646.5966796875 24
1746851965831 3647.5068359375 25
1746851979285 3647.3115234375 26
1746851991534 3647.9560546875 27
1746852003570 3647.9560546875 28
1746852015602 3647.9560546875 29
1746852028253 3647.2412109375 30
1746852041230 3647.3818359375 31
1746852053254 3647.6669921875 32
