1746851671514 7448.0 1
1746851683172 7448.0 2
1746851694890 7448.0 3
1746851706664 7448.0 4
1746851719125 7448.0 5
1746851731907 7448.0 6
1746851743843 7448.0 7
1746851755827 7448.0 8
1746851767842 7448.0 9
1746851780479 7448.0 10
1746851793452 7448.0 11
1746851805730 7448.0 12
1746851817761 7448.0 13
1746851829791 7448.0 14
1746851842442 7448.0 15
1746851855369 7448.0 16
1746851867400 7448.0 17
1746851879434 7448.0 18
1746851891463 7448.0 19
1746851904113 7448.0 20
1746851917111 7448.0 21
1746851929140 7448.0 22
1746851941171 7448.0 23
1746851953203 7448.0 24
1746851965832 7448.0 25
1746851979286 7448.0 26
1746851991535 7448.0 27
1746852003570 7448.0 28
1746852015603 7448.0 29
1746852028253 7448.0 30
1746852041231 7448.0 31
1746852053255 7448.0 32
