1746851671512 0.10187211632728577 1
1746851683170 0.09498529881238937 2
1746851694888 0.11533640325069427 3
1746851706663 0.13729797303676605 4
1746851719123 0.11898650228977203 5
1746851731905 0.12708602845668793 6
1746851743842 0.09849604219198227 7
1746851755825 0.08281856775283813 8
1746851767841 0.10237272828817368 9
1746851780477 0.11078248172998428 10
1746851793451 0.11754710972309113 11
1746851805728 0.09423626214265823 12
1746851817759 0.08848553895950317 13
1746851829789 0.09745469689369202 14
1746851842440 0.13205501437187195 15
1746851855367 0.08130057901144028 16
1746851867398 0.09202712774276733 17
1746851879432 0.11373826861381531 18
1746851891461 0.08864478021860123 19
1746851904112 0.09969305247068405 20
1746851917109 0.08785968273878098 21
1746851929139 0.10898320376873016 22
1746851941170 0.11083994805812836 23
1746851953202 0.08933507651090622 24
1746851965831 0.12839992344379425 25
1746851979284 0.11481225490570068 26
1746851991533 0.2132032811641693 27
1746852003569 0.07925499230623245 28
1746852015601 0.11426614969968796 29
1746852028252 0.14631634950637817 30
1746852041229 0.21606792509555817 31
1746852053253 0.09905312210321426 32
