1746849160624 7448.0 1
1746849172313 7448.0 2
1746849184038 7448.0 3
1746849195811 7448.0 4
1746849208194 7448.0 5
1746849220962 7448.0 6
1746849232820 7448.0 7
1746849244690 7448.0 8
1746849256579 7448.0 9
1746849269048 7448.0 10
1746849281783 7448.0 11
1746849293963 7448.0 12
1746849305892 7448.0 13
1746849317826 7448.0 14
1746849330287 7448.0 15
1746849343021 7448.0 16
1746849354967 7448.0 17
1746849366932 7448.0 18
1746849378914 7448.0 19
1746849391491 7448.0 20
1746849404283 7448.0 21
1746849416314 7448.0 22
1746849428337 7448.0 23
1746849440354 7448.0 24
1746849452989 7448.0 25
1746849466472 7448.0 26
1746849478498 7448.0 27
1746849490523 7448.0 28
1746849502542 7448.0 29
1746849515186 7448.0 30
1746849527973 7448.0 31
1746849540004 7448.0 32
1746849552034 7448.0 33
1746849564057 7448.0 34
1746849576629 7448.0 35
1746849589395 7448.0 36
1746849601408 7448.0 37
1746849613626 7448.0 38
1746849625646 7448.0 39
1746849638221 7448.0 40
1746849651002 7448.0 41
1746849663020 7448.0 42
1746849675036 7448.0 43
1746849687048 7448.0 44
1746849699656 7448.0 45
1746849712380 7448.0 46
1746849724414 7448.0 47
1746849736437 7448.0 48
1746849748460 7448.0 49
1746849761094 7448.0 50
