1746849160623 3646.9716796875 1
1746849172313 3645.6669921875 2
1746849184038 3646.6669921875 3
1746849195810 3646.6669921875 4
1746849208194 3646.6669921875 5
1746849220962 3646.2177734375 6
1746849232819 3645.0224609375 7
1746849244689 3646.6669921875 8
1746849256578 3647.8427734375 9
1746849269047 3648.3857421875 10
1746849281783 3649.8154296875 11
1746849293962 3647.7373046875 12
1746849305891 3646.4833984375 13
1746849317826 3647.4521484375 14
1746849330286 3648.3818359375 15
1746849343020 3646.7490234375 16
1746849354967 3648.3818359375 17
1746849366931 3647.2880859375 18
1746849378914 3647.7373046875 19
1746849391490 3645.5732421875 20
1746849404283 3646.5966796875 21
1746849416313 3646.5966796875 22
1746849428336 3646.0224609375 23
1746849440354 3646.5966796875 24
1746849452989 3647.5068359375 25
1746849466471 3647.3115234375 26
1746849478498 3647.9560546875 27
1746849490522 3647.9560546875 28
1746849502541 3647.9560546875 29
1746849515186 3647.2412109375 30
1746849527972 3647.3818359375 31
1746849540003 3647.6669921875 32
1746849552034 3647.1279296875 33
1746849564056 3647.5068359375 34
1746849576629 3648.3818359375 35
1746849589394 3647.9560546875 36
1746849601408 3647.3818359375 37
1746849613626 3647.5966796875 38
1746849625645 3648.7724609375 39
1746849638221 3647.4365234375 40
1746849651002 3647.8857421875 41
1746849663019 3649.8154296875 42
1746849675035 3649.2412109375 43
1746849687047 3648.3662109375 44
1746849699656 3648.3818359375 45
1746849712380 3649.4169921875 46
1746849724413 3646.7373046875 47
1746849736437 3648.8427734375 48
1746849748460 3648.8427734375 49
1746849761093 3647.1982421875 50
