1746849160622 0.08936290442943573 1
1746849172312 0.14075064659118652 2
1746849184037 0.18130508065223694 3
1746849195809 0.10049261897802353 4
1746849208193 0.15427762269973755 5
1746849220961 0.08104072511196136 6
1746849232818 0.09509005397558212 7
1746849244688 0.1381506621837616 8
1746849256578 0.08313710987567902 9
1746849269046 0.11319739371538162 10
1746849281782 0.11219265311956406 11
1746849293961 0.09480833262205124 12
1746849305891 0.08942069113254547 13
1746849317825 0.09140799939632416 14
1746849330286 0.0965542420744896 15
1746849343019 0.1131804883480072 16
1746849354966 0.12227405607700348 17
1746849366930 0.09452089667320251 18
1746849378913 0.17946244776248932 19
1746849391490 0.17538312077522278 20
1746849404282 0.13026414811611176 21
1746849416312 0.11136259138584137 22
1746849428335 0.10017656534910202 23
1746849440353 0.19353091716766357 24
1746849452988 0.09292528033256531 25
1746849466470 0.08781535178422928 26
1746849478497 0.09758421033620834 27
1746849490521 0.0879119411110878 28
1746849502541 0.11728125810623169 29
1746849515185 0.1436738669872284 30
1746849527971 0.14184865355491638 31
1746849540002 0.10118945688009262 32
1746849552033 0.10349167883396149 33
1746849564055 0.09914814680814743 34
1746849576628 0.12528036534786224 35
1746849589393 0.1338481307029724 36
1746849601407 0.11469084024429321 37
1746849613625 0.1212957426905632 38
1746849625644 0.07674139738082886 39
1746849638220 0.1655462086200714 40
1746849651001 0.08847220242023468 41
1746849663018 0.08102294057607651 42
1746849675034 0.08698727935552597 43
1746849687047 0.17389148473739624 44
1746849699655 0.10864241421222687 45
1746849712379 0.08606085926294327 46
1746849724412 0.09511998295783997 47
1746849736436 0.11383654922246933 48
1746849748459 0.07935672998428345 49
1746849761093 0.10001190751791 50
