1746856226927 7448.0 1
1746856238633 7448.0 2
1746856250393 7448.0 3
1746856262219 7448.0 4
1746856274698 7448.0 5
1746856287528 7448.0 6
1746856299511 7448.0 7
1746856311519 7448.0 8
1746856323549 7448.0 9
1746856336218 7448.0 10
1746856349208 7448.0 11
1746856361482 7448.0 12
1746856373515 7448.0 13
1746856385550 7448.0 14
1746856398198 7448.0 15
1746856411121 7448.0 16
1746856423153 7448.0 17
1746856435182 7448.0 18
1746856447213 7448.0 19
1746856459819 7448.0 20
1746856472810 7448.0 21
1746856484850 7448.0 22
1746856496885 7448.0 23
1746856508923 7448.0 24
1746856521553 7448.0 25
1746856535042 7448.0 26
1746856547301 7448.0 27
1746856559340 7448.0 28
1746856571379 7448.0 29
1746856584014 7448.0 30
1746856596993 7448.0 31
1746856609045 7448.0 32
1746856621094 7448.0 33
1746856633139 7448.0 34
1746856645790 7448.0 35
1746856658716 7448.0 36
1746856670749 7448.0 37
1746856682782 7448.0 38
1746856694808 7448.0 39
1746856707456 7448.0 40
1746856720665 7448.0 41
1746856732697 7448.0 42
1746856744736 7448.0 43
1746856756770 7448.0 44
1746856769429 7448.0 45
1746856782377 7448.0 46
1746856794410 7448.0 47
1746856806446 7448.0 48
1746856818486 7448.0 49
1746856831111 7448.0 50
