1746856226926 3646.9716796875 1
1746856238633 3645.6669921875 2
1746856250392 3646.6669921875 3
1746856262218 3646.6669921875 4
1746856274698 3646.6669921875 5
1746856287527 3646.2177734375 6
1746856299510 3645.0224609375 7
1746856311519 3646.6669921875 8
1746856323548 3647.8427734375 9
1746856336218 3648.3857421875 10
1746856349208 3649.8154296875 11
1746856361481 3647.7373046875 12
1746856373515 3646.4833984375 13
1746856385549 3647.4521484375 14
1746856398197 3648.3818359375 15
1746856411120 3646.7490234375 16
1746856423153 3648.3818359375 17
1746856435181 3647.2880859375 18
1746856447212 3647.7373046875 19
1746856459818 3645.5732421875 20
1746856472810 3646.5966796875 21
1746856484850 3646.5966796875 22
1746856496885 3646.0224609375 23
1746856508922 3646.5966796875 24
1746856521552 3647.5068359375 25
1746856535042 3647.3115234375 26
1746856547300 3647.9560546875 27
1746856559339 3647.9560546875 28
1746856571378 3647.9560546875 29
1746856584013 3647.2412109375 30
1746856596993 3647.3818359375 31
1746856609045 3647.6669921875 32
1746856621093 3647.1279296875 33
1746856633139 3647.5068359375 34
1746856645790 3648.3818359375 35
1746856658715 3647.9560546875 36
1746856670749 3647.3818359375 37
1746856682781 3647.5966796875 38
1746856694808 3648.7724609375 39
1746856707456 3647.4365234375 40
1746856720664 3647.8857421875 41
1746856732697 3649.8154296875 42
1746856744736 3649.2412109375 43
1746856756769 3648.3662109375 44
1746856769429 3648.3818359375 45
1746856782376 3649.4169921875 46
1746856794409 3646.7373046875 47
1746856806445 3648.8427734375 48
1746856818485 3648.8427734375 49
1746856831111 3647.1982421875 50
