1746856226925 0.08662458509206772 1
1746856238631 0.13322502374649048 2
1746856250391 0.0966227799654007 3
1746856262217 0.09576790034770966 4
1746856274697 0.08544611930847168 5
1746856287526 0.09372289478778839 6
1746856299509 0.10027886182069778 7
1746856311518 0.0868217945098877 8
1746856323547 0.09355895221233368 9
1746856336217 0.1339753121137619 10
1746856349207 0.10640169680118561 11
1746856361480 0.10295136272907257 12
1746856373513 0.08807937055826187 13
1746856385548 0.1112796813249588 14
1746856398196 0.1423180103302002 15
1746856411119 0.10138747096061707 16
1746856423151 0.10260657966136932 17
1746856435180 0.14820732176303864 18
1746856447211 0.0852702409029007 19
1746856459817 0.23872271180152893 20
1746856472808 0.10659895837306976 21
1746856484849 0.10269251465797424 22
1746856496884 0.09492632746696472 23
1746856508922 0.1389172524213791 24
1746856521551 0.19370201230049133 25
1746856535041 0.0937095582485199 26
1746856547300 0.08987119048833847 27
1746856559338 0.13392823934555054 28
1746856571377 0.11077310889959335 29
1746856584012 0.13542722165584564 30
1746856596992 0.09319242835044861 31
1746856609044 0.08284790068864822 32
1746856621092 0.09006549417972565 33
1746856633138 0.09196633845567703 34
1746856645789 0.08764076232910156 35
1746856658714 0.08205216377973557 36
1746856670748 0.15214456617832184 37
1746856682781 0.08814337849617004 38
1746856694807 0.09731114655733109 39
1746856707455 0.07927645742893219 40
1746856720663 0.10604656487703323 41
1746856732696 0.08776500821113586 42
1746856744735 0.08234862238168716 43
1746856756769 0.11961201578378677 44
1746856769428 0.10396450757980347 45
1746856782375 0.0900464653968811 46
1746856794408 0.12754586338996887 47
1746856806445 0.10105007886886597 48
1746856818484 0.12907271087169647 49
1746856831110 0.08856147527694702 50
